0 1.0000
3000 1.0000
6000 1.0000
9000 1.0000
12000 1.0000
15000 1.0000
18000 1.0000
21000 0.9829
24000 0.9117
27000 0.8689
30000 0.8606
33000 0.8653
36000 0.8715
39000 0.8889
42000 0.9599
45000 1.0077
48000 1.0181
51000 1.0136
54000 1.0069
57000 0.9855
60000 0.9125
63000 0.8690
66000 0.8606
69000 0.8653
72000 0.8715
75000 0.8889
78000 0.9599
81000 1.0077
84000 1.0181
87000 1.0136
90000 1.0069
93000 0.9855
96000 0.9125
99000 0.8690
102000 0.8606
105000 0.8653
108000 0.8715
111000 0.8889
114000 0.9599
117000 1.0077
120000 1.0181
123000 1.0136
126000 1.0069
129000 0.9855
132000 0.9125
135000 0.8690
138000 0.8606
141000 0.8653
144000 0.8715
147000 0.8889
150000 0.9599
153000 1.0077
156000 1.0181
159000 1.0136
162000 1.0069
165000 0.9855
168000 0.9125
171000 0.8690
174000 0.8606
177000 0.8653
180000 0.8715
183000 0.8889
186000 0.9599
189000 1.0077
192000 1.0181
195000 1.0136
198000 1.0069
201000 0.9855
204000 0.9125
207000 0.8690
210000 0.8606
213000 0.8653
216000 0.8715
219000 0.8889
222000 0.9599
225000 1.0077
228000 1.0181
231000 1.0136
234000 1.0069