0 1.0000
3000 1.0000
6000 1.0000
9000 1.0000
12000 1.0000
15000 1.0000
18000 1.0000
21000 0.5
24000 0.5
27000 0.5
30000 0.5
33000 0.5
36000 0.5
39000 0.5
42000 0.5
45000 1
48000 1
51000 1
54000 1
57000 0.5
60000 0.5
63000 0.5
66000 0.5
69000 0.5
72000 0.5
75000 0.5
78000 0.5
81000 1
84000 1
87000 1
90000 1
93000 0.5
96000 0.5
99000 0.5
102000 0.5
105000 0.5
108000 0.5
111000 0.5
114000 0.5
117000 1
120000 1
123000 1.0136
126000 1.0069
129000 0.9855
132000 0.9125
135000 0.8690
138000 0.8606
141000 0.8653
144000 0.8715
147000 0.8889
150000 0.9599
153000 1.0077
156000 1.0181
159000 1.0136
162000 1.0069
165000 0.9855
168000 0.9125
171000 0.8690
174000 0.8606
177000 0.8653
180000 0.8715
183000 0.8889
186000 0.9599
189000 1.0077
192000 1.0181
195000 1.0136
198000 1.0069
201000 0.9855
204000 0.9125
207000 0.8690
210000 0.8606
213000 0.8653
216000 0.8715
219000 0.8889
222000 0.9599
225000 1.0077
228000 1.0181
231000 1.0136
234000 1.0069
